date,nav,dayChange
19-06-2024,22.26870,-0.07160000000000011
18-06-2024,22.34030,0.12989999999999924
14-06-2024,22.21040,0.11639999999999873
13-06-2024,22.09400,0.08970000000000056
12-06-2024,22.00430,0.08389999999999986
11-06-2024,21.92040,0.05039999999999978
10-06-2024,21.87000,0.1385000000000005
07-06-2024,21.73150,0.36070000000000135
06-06-2024,21.37080,0.31049999999999756
05-06-2024,21.06030,0.647000000000002
04-06-2024,20.41330,-1.1449999999999996
03-06-2024,21.55830,0.509999999999998
31-05-2024,21.04830,0.08750000000000213
30-05-2024,20.96080,-0.20360000000000156
29-05-2024,21.16440,-0.12450000000000117
28-05-2024,21.28890,-0.08129999999999882
27-05-2024,21.37020,-0.04189999999999827
24-05-2024,21.41210,-0.05710000000000193
23-05-2024,21.46920,0.23290000000000077
22-05-2024,21.23630,0.05819999999999936
21-05-2024,21.17810,0.07560000000000144
17-05-2024,21.10250,0.09829999999999828
16-05-2024,21.00420,0.1623000000000019
15-05-2024,20.84190,0.1051000000000002
14-05-2024,20.73680,0.09969999999999857
13-05-2024,20.63710,0.0004999999999988347
10-05-2024,20.63660,0.09190000000000254
09-05-2024,20.54470,-0.3514000000000017
08-05-2024,20.89610,0.08889999999999887
07-05-2024,20.80720,-0.1620999999999988
06-05-2024,20.96930,-0.15050000000000097
03-05-2024,21.11980,-0.12509999999999977
02-05-2024,21.24490,0.1271000000000022
30-04-2024,21.11780,0.06240000000000023
29-04-2024,21.05540,0.04689999999999728
26-04-2024,21.00850,0.10410000000000252
25-04-2024,20.90440,0.07910000000000039
24-04-2024,20.82530,0.08779999999999788
23-04-2024,20.73750,0.06970000000000098
22-04-2024,20.66780,0.13700000000000045
19-04-2024,20.53080,0.0926000000000009
18-04-2024,20.43820,-0.05630000000000024
16-04-2024,20.49450,-0.020800000000001262
15-04-2024,20.51530,-0.25700000000000145
12-04-2024,20.77230,-0.13849999999999696
10-04-2024,20.91080,0.05759999999999721
09-04-2024,20.85320,-0.012399999999999523
08-04-2024,20.86560,0.07090000000000174
05-04-2024,20.79470,0.09039999999999893
04-04-2024,20.70430,0.11169999999999902
03-04-2024,20.59260,0.03750000000000142
02-04-2024,20.55510,0.0254000000000012
01-04-2024,20.52970,0.3025999999999982
31-03-2024,20.22710,-0.0030000000000001137
28-03-2024,20.23010,0.13190000000000168
27-03-2024,20.09820,0.10050000000000026
26-03-2024,19.99770,-0.020600000000001728
22-03-2024,20.01830,0.1565000000000012
21-03-2024,19.86180,0.2640999999999991
20-03-2024,19.59770,0.07900000000000063
19-03-2024,19.51870,-0.13910000000000267
18-03-2024,19.65780,-0.0379999999999967
15-03-2024,19.69580,-0.03359999999999985
14-03-2024,19.72940,0.3133999999999979
13-03-2024,19.41600,-0.5604000000000013
12-03-2024,19.97640,-0.0893999999999977
11-03-2024,20.06580,-0.0887999999999991
07-03-2024,20.15460,0.07209999999999894
06-03-2024,20.08250,-0.08810000000000073
05-03-2024,20.17060,-0.10239999999999938
04-03-2024,20.27300,0.05059999999999931
01-03-2024,20.22240,0.2906000000000013
29-02-2024,19.93180,0.030699999999999505
28-02-2024,19.90110,-0.30209999999999937
27-02-2024,20.20320,0.023999999999997357
26-02-2024,20.17920,-0.0437999999999974
23-02-2024,20.22300,0.038399999999999324
22-02-2024,20.18460,0.11339999999999861
21-02-2024,20.07120,-0.1479999999999997
20-02-2024,20.21920,0.0367999999999995
19-02-2024,20.18240,-0.009799999999998477
16-02-2024,20.19220,0.15429999999999922
15-02-2024,20.03790,0.04800000000000182
14-02-2024,19.98990,0.13729999999999976
13-02-2024,19.85260,0.11549999999999727
12-02-2024,19.73710,-0.22819999999999752
09-02-2024,19.96530,-0.07290000000000063
08-02-2024,20.03820,-0.1568000000000005
07-02-2024,20.19500,-0.04339999999999833
06-02-2024,20.23840,0.10339999999999705
05-02-2024,20.13500,-0.042499999999996874
02-02-2024,20.17750,0.05369999999999919
01-02-2024,20.12380,0.0008999999999979025
31-01-2024,20.12290,0.17280000000000229
30-01-2024,19.95010,-0.13889999999999958
29-01-2024,20.08900,0.2099999999999973
25-01-2024,19.87900,-0.007699999999999818
24-01-2024,19.88670,0.15600000000000236
23-01-2024,19.73070,-0.3183000000000007
19-01-2024,20.04900,0.13799999999999812
18-01-2024,19.91100,-0.06319999999999837
17-01-2024,19.97420,-0.3810000000000002
16-01-2024,20.35520,-0.031099999999998573
15-01-2024,20.38630,0.08699999999999974
12-01-2024,20.29930,0.09569999999999723
11-01-2024,20.20360,0.14050000000000296
10-01-2024,20.06310,0.06879999999999953
09-01-2024,19.99430,0.0024999999999977263
08-01-2024,19.99180,-0.19079999999999941
05-01-2024,20.18260,0.0517000000000003
04-01-2024,20.13090,0.10610000000000142
03-01-2024,20.02480,-0.03640000000000043
02-01-2024,20.06120,-0.053000000000000824
01-01-2024,20.11420,0.04919999999999902
29-12-2023,20.06500,0.03750000000000142
28-12-2023,20.02750,0.054400000000001114
27-12-2023,19.97310,0.047999999999998266
26-12-2023,19.92510,0.02090000000000103
22-12-2023,19.90420,0.11639999999999873
21-12-2023,19.78780,0.16080000000000183
20-12-2023,19.62700,-0.40549999999999997
19-12-2023,20.03250,-0.04210000000000136
18-12-2023,20.07460,-0.015999999999998238
15-12-2023,20.09060,0.1637999999999984
14-12-2023,19.92680,0.22879999999999967
13-12-2023,19.69800,0.0470000000000006
12-12-2023,19.65100,-0.08200000000000074
11-12-2023,19.73300,0.11459999999999937
08-12-2023,19.61840,0.009299999999999642
07-12-2023,19.60910,0.11090000000000089
06-12-2023,19.49820,0.06579999999999941
05-12-2023,19.43240,0.12570000000000192
04-12-2023,19.30670,0.2867999999999995
01-12-2023,19.01990,0.11680000000000135
30-11-2023,18.90310,0.09199999999999875
29-11-2023,18.81110,0.16740000000000066
28-11-2023,18.64370,0.024699999999999278
24-11-2023,18.61900,0.008900000000000574
23-11-2023,18.61010,0.007999999999999119
22-11-2023,18.60210,-0.02230000000000132
21-11-2023,18.62440,0.041900000000001825
20-11-2023,18.58250,-0.022500000000000853
17-11-2023,18.60500,0.016899999999999693
16-11-2023,18.58810,0.10679999999999978
15-11-2023,18.48130,0.15760000000000218
13-11-2023,18.32370,0.1214999999999975
10-11-2023,18.20220,0.05620000000000047
09-11-2023,18.14600,0.03200000000000003
08-11-2023,18.11400,0.06899999999999906
07-11-2023,18.04500,0.034900000000000375
06-11-2023,18.01010,0.14520000000000266
03-11-2023,17.86490,0.11529999999999774
02-11-2023,17.74960,0.0929000000000002
01-11-2023,17.65670,-0.10050000000000026
31-10-2023,17.75720,0.0045999999999999375
30-10-2023,17.75260,0.006800000000001916
27-10-2023,17.74580,0.1999999999999993
26-10-2023,17.54580,-0.17520000000000024
25-10-2023,17.72100,-0.14300000000000068
23-10-2023,17.86400,-0.3366000000000007
20-10-2023,18.20060,-0.09049999999999869
19-10-2023,18.29110,-0.04840000000000089
18-10-2023,18.33950,-0.10319999999999752
17-10-2023,18.44270,0.11149999999999949
16-10-2023,18.33120,0.020199999999999108
13-10-2023,18.31100,-0.04200000000000159
12-10-2023,18.35300,0.0686
11-10-2023,18.28440,0.09180000000000277
10-10-2023,18.19260,0.2027000000000001
09-10-2023,17.98990,-0.18870000000000076
06-10-2023,18.17860,0.06959999999999766
05-10-2023,18.10900,0.05620000000000047
04-10-2023,18.05280,-0.14389999999999858
03-10-2023,18.19670,0.08599999999999852
29-09-2023,18.11070,0.06700000000000017
27-09-2023,18.04370,0.10529999999999973
26-09-2023,17.93840,-0.006699999999998596
25-09-2023,17.94510,-0.007699999999999818
22-09-2023,17.95280,0.020199999999999108
21-09-2023,17.93260,-0.11629999999999896
20-09-2023,18.04890,-0.18130000000000024
18-09-2023,18.23020,-0.1258000000000017
15-09-2023,18.35600,0.10640000000000072
14-09-2023,18.24960,0.07760000000000034
13-09-2023,18.17200,0.03999999999999915
12-09-2023,18.13200,-0.2668999999999997
11-09-2023,18.39890,0.11909999999999954
08-09-2023,18.27980,0.1285000000000025
07-09-2023,18.15130,0.07349999999999923
06-09-2023,18.07780,0.0032999999999994145
05-09-2023,18.07450,0.09140000000000015
04-09-2023,17.98310,0.047399999999999665
01-09-2023,17.93570,0.10999999999999943
31-08-2023,17.82570,-0.03469999999999729
30-08-2023,17.86040,0.08729999999999905
29-08-2023,17.77310,-0.015800000000002257
28-08-2023,17.78890,0.09190000000000254
25-08-2023,17.69700,-0.025600000000000733
24-08-2023,17.72260,-0.03280000000000172
23-08-2023,17.75540,0.07630000000000337
22-08-2023,17.67910,0.058499999999998664
21-08-2023,17.62060,0.10259999999999891
18-08-2023,17.51800,-0.03539999999999921
17-08-2023,17.55340,0.002500000000001279
16-08-2023,17.55090,-0.011300000000002086
14-08-2023,17.56220,-0.0472999999999999
11-08-2023,17.60950,-0.024899999999998812
10-08-2023,17.63440,-0.01699999999999946
09-08-2023,17.65140,0.04779999999999873
08-08-2023,17.60360,0.0475999999999992
07-08-2023,17.55600,0.03720000000000212
04-08-2023,17.51880,0.09209999999999852
03-08-2023,17.42670,-0.07669999999999888
02-08-2023,17.50340,-0.17630000000000123
01-08-2023,17.67970,0.036999999999999034
31-07-2023,17.64270,0.14360000000000284
28-07-2023,17.49910,0.02559999999999718
27-07-2023,17.47350,-0.05309999999999704
26-07-2023,17.52660,0.06959999999999766
25-07-2023,17.45700,0.06259999999999977
24-07-2023,17.39440,-0.0010999999999974364
21-07-2023,17.39550,-0.09330000000000283
20-07-2023,17.48880,0.07939999999999969
19-07-2023,17.40940,0.09050000000000225
18-07-2023,17.31890,-0.03610000000000113
17-07-2023,17.35500,0.14560000000000173
14-07-2023,17.20940,0.15690000000000026
13-07-2023,17.05250,0.014899999999997249
12-07-2023,17.03760,0.04510000000000147
11-07-2023,16.99250,0.07779999999999987
10-07-2023,16.91470,-0.021599999999999397
07-07-2023,16.93630,-0.09769999999999968
06-07-2023,17.03400,0.05239999999999867
05-07-2023,16.98160,-0.002500000000001279
04-07-2023,16.98410,-0.010099999999997777
03-07-2023,16.99420,0.05249999999999844
30-06-2023,16.94170,0.09420000000000073
28-06-2023,16.84750,0.11349999999999838
27-06-2023,16.73400,0.12570000000000192
26-06-2023,16.60830,0.034199999999998454
23-06-2023,16.57410,-0.17279999999999873
22-06-2023,16.74690,-0.08940000000000126
21-06-2023,16.83630,-0.005899999999996908
20-06-2023,16.84220,0.09799999999999898
19-06-2023,16.74420,-0.0619000000000014
16-06-2023,16.80610,0.13640000000000185
15-06-2023,16.66970,-0.046100000000002694
14-06-2023,16.71580,0.03260000000000218
13-06-2023,16.68320,0.12790000000000035
12-06-2023,16.55530,0.07019999999999982
09-06-2023,16.48510,-0.008600000000001273
08-06-2023,16.49370,-0.08190000000000097
07-06-2023,16.57560,0.07540000000000191
06-06-2023,16.50020,0.060600000000000875
05-06-2023,16.43960,0.07369999999999877
02-06-2023,16.36590,0.060199999999998255
01-06-2023,16.30570,0.03990000000000293
31-05-2023,16.26580,-0.005100000000002325
30-05-2023,16.27090,0.10549999999999926
29-05-2023,16.16540,0.08520000000000039
26-05-2023,16.08020,0.1117000000000008
25-05-2023,15.96850,0.05860000000000021
24-05-2023,15.90990,-0.030799999999999272
23-05-2023,15.94070,0.03479999999999883
22-05-2023,15.90590,0.07340000000000124
19-05-2023,15.83250,0.04309999999999903
18-05-2023,15.78940,-0.03049999999999997
17-05-2023,15.81990,-0.03730000000000011
16-05-2023,15.85720,-0.03669999999999973
15-05-2023,15.89390,0.06419999999999959
12-05-2023,15.82970,0.07540000000000013
11-05-2023,15.75430,0.06310000000000038
10-05-2023,15.69120,0.0472999999999999
09-05-2023,15.64390,-0.03989999999999938
08-05-2023,15.68380,0.12759999999999927
05-05-2023,15.55620,-0.08279999999999887
04-05-2023,15.63900,0.13199999999999967
03-05-2023,15.50700,-0.01389999999999958
02-05-2023,15.52090,0.0777000000000001
28-04-2023,15.44320,0.1404999999999994
27-04-2023,15.30270,0.05690000000000062
26-04-2023,15.24580,0.016599999999998616
25-04-2023,15.22920,-9.999999999976694e-05
24-04-2023,15.22930,0.11439999999999984
21-04-2023,15.11490,0.010799999999999699
20-04-2023,15.10410,-0.00039999999999906777
19-04-2023,15.10450,-0.07929999999999993
18-04-2023,15.18380,-0.017100000000001003
17-04-2023,15.20090,-0.028999999999999915
13-04-2023,15.22990,0.04520000000000124
12-04-2023,15.18470,0.09389999999999965
11-04-2023,15.09080,0.07039999999999935
10-04-2023,15.02040,-0.05209999999999937
06-04-2023,15.07250,0.025399999999999423
05-04-2023,15.04710,0.079600000000001
03-04-2023,14.96750,0.018200000000000216
31-03-2023,14.94930,0.2284999999999986
29-03-2023,14.72080,0.1465000000000014
28-03-2023,14.57430,-0.03960000000000008
27-03-2023,14.61390,-0.06620000000000026
24-03-2023,14.68010,-0.11910000000000132
23-03-2023,14.79920,-0.0326999999999984
22-03-2023,14.83190,0.05209999999999937
21-03-2023,14.77980,0.10599999999999987
20-03-2023,14.67380,-0.0965000000000007
17-03-2023,14.77030,0.09050000000000047
16-03-2023,14.67980,-0.01130000000000031
15-03-2023,14.69110,-0.020199999999999108
14-03-2023,14.71130,-0.12100000000000044
13-03-2023,14.83230,-0.23440000000000083
10-03-2023,15.06670,-0.15259999999999962
09-03-2023,15.21930,-0.07920000000000016
08-03-2023,15.29850,0.032900000000001484
06-03-2023,15.26560,0.06989999999999874
03-03-2023,15.19570,0.1551000000000009
02-03-2023,15.04060,-0.09090000000000131
01-03-2023,15.13150,0.11600000000000144
28-02-2023,15.01550,0.07010000000000005
27-02-2023,14.94540,-0.056400000000000006
24-02-2023,15.00180,-0.08190000000000097
23-02-2023,15.08370,-0.005399999999999849
22-02-2023,15.08910,-0.1858000000000004
21-02-2023,15.27490,0.01130000000000031
20-02-2023,15.26360,-0.015000000000000568
17-02-2023,15.27860,-0.11169999999999902
16-02-2023,15.39030,0.10909999999999975
15-02-2023,15.28120,0.09089999999999954
14-02-2023,15.19030,0.03450000000000131
13-02-2023,15.15580,-0.06920000000000037
10-02-2023,15.22500,-0.009800000000000253
09-02-2023,15.23480,0.019000000000000128
08-02-2023,15.21580,0.07540000000000013
07-02-2023,15.14040,-0.0365000000000002
06-02-2023,15.17690,0.05659999999999954
03-02-2023,15.12030,0.10320000000000107
02-02-2023,15.01710,0.02039999999999864
01-02-2023,14.99670,-0.13710000000000022
31-01-2023,15.13380,0.14060000000000095
30-01-2023,14.99320,-0.010899999999999466
27-01-2023,15.00410,-0.2483000000000004
25-01-2023,15.25240,-0.21380000000000088
24-01-2023,15.46620,-0.030199999999998894
23-01-2023,15.49640,-0.0030999999999998806
20-01-2023,15.49950,-0.08440000000000047
19-01-2023,15.58390,-0.024399999999999977
18-01-2023,15.60830,0.07089999999999996
17-01-2023,15.53740,0.054199999999999804
16-01-2023,15.48320,-0.08079999999999998
13-01-2023,15.56400,0.02880000000000038
12-01-2023,15.53520,-0.04780000000000051
11-01-2023,15.58300,-0.021300000000000097
10-01-2023,15.60430,-0.1429999999999989
09-01-2023,15.74730,0.09439999999999849
06-01-2023,15.65290,-0.05319999999999858
05-01-2023,15.70610,0.015099999999998559
04-01-2023,15.69100,-0.11169999999999902
03-01-2023,15.80270,0.05850000000000044
02-01-2023,15.74420,0.04829999999999934
30-12-2022,15.69590,-0.0058000000000006935
29-12-2022,15.70170,0.06760000000000055
28-12-2022,15.63410,0.0058000000000006935
27-12-2022,15.62830,0.09249999999999936
26-12-2022,15.53580,0.30620000000000047
23-12-2022,15.22960,-0.40329999999999977
22-12-2022,15.63290,-0.11040000000000028
21-12-2022,15.74330,-0.24370000000000047
20-12-2022,15.98700,0.0038999999999997925
19-12-2022,15.98310,0.1073000000000004
16-12-2022,15.87580,-0.1980999999999984
15-12-2022,16.07390,-0.1404000000000032
14-12-2022,16.21430,0.09730000000000061
13-12-2022,16.11700,0.03930000000000078
12-12-2022,16.07770,0.0006999999999983686
09-12-2022,16.07700,-0.05109999999999815
08-12-2022,16.12810,0.07069999999999865
07-12-2022,16.05740,-0.030699999999999505
06-12-2022,16.08810,-0.05600000000000094
05-12-2022,16.14410,-0.01419999999999888
02-12-2022,16.15830,-0.0021999999999984254
01-12-2022,16.16050,0.057099999999998374
30-11-2022,16.10340,0.10570000000000057
29-11-2022,15.99770,0.020500000000000185
28-11-2022,15.97720,0.07639999999999958
25-11-2022,15.90080,0.046200000000000685
24-11-2022,15.85460,0.09989999999999988
23-11-2022,15.75470,0.012699999999998823
22-11-2022,15.74200,0.030100000000000904
21-11-2022,15.71190,-0.04969999999999963
18-11-2022,15.76160,-0.0669000000000004
17-11-2022,15.82850,-0.04460000000000086
16-11-2022,15.87310,-0.03569999999999851
15-11-2022,15.90880,0.005300000000000082
14-11-2022,15.90350,-0.050400000000001555
11-11-2022,15.95390,0.11460000000000115
10-11-2022,15.83930,-0.07319999999999993
09-11-2022,15.91250,-0.06890000000000107
07-11-2022,15.98140,0.08650000000000091
04-11-2022,15.89490,-0.0016999999999995907
03-11-2022,15.89660,-0.035400000000000986
02-11-2022,15.93200,-0.0012999999999987466
01-11-2022,15.93330,0.04019999999999868
31-10-2022,15.89310,0.17379999999999995
28-10-2022,15.71930,-0.04929999999999879
27-10-2022,15.76860,0.06809999999999938
25-10-2022,15.70050,0.053800000000000736
21-10-2022,15.64670,-0.05510000000000126
20-10-2022,15.70180,-0.021699999999999164
19-10-2022,15.72350,0.04279999999999973
18-10-2022,15.68070,0.15220000000000056
17-10-2022,15.52850,0.0992999999999995
14-10-2022,15.42920,0.0517000000000003
13-10-2022,15.37750,-0.1095000000000006
12-10-2022,15.48700,0.048500000000000654
11-10-2022,15.43850,-0.2568999999999999
10-10-2022,15.69540,-0.09660000000000046
07-10-2022,15.79200,-0.020500000000000185
06-10-2022,15.81250,0.09110000000000085
04-10-2022,15.72140,0.2879999999999985
03-10-2022,15.43340,-0.21219999999999928
30-09-2022,15.64560,0.20389999999999908
29-09-2022,15.44170,0.021300000000000097
28-09-2022,15.42040,-0.10279999999999845
27-09-2022,15.52320,0.006499999999999062
26-09-2022,15.51670,-0.37209999999999965
23-09-2022,15.88880,-0.2685999999999993
22-09-2022,16.15740,-0.014100000000002666
21-09-2022,16.17150,-0.11799999999999855
20-09-2022,16.28950,0.1869000000000014
19-09-2022,16.10260,0.021300000000000097
16-09-2022,16.08130,-0.29110000000000014
15-09-2022,16.37240,-0.030799999999999272
14-09-2022,16.40320,0.007199999999997431
13-09-2022,16.39600,0.09120000000000061
12-09-2022,16.30480,0.16949999999999932
09-09-2022,16.13530,0.007799999999999585
08-09-2022,16.12750,0.1031000000000013
07-09-2022,16.02440,0.01559999999999917
06-09-2022,16.00880,0.025100000000000122
05-09-2022,15.98370,0.09210000000000029
02-09-2022,15.89160,0.009700000000000486
01-09-2022,15.88190,-0.07810000000000095
30-08-2022,15.96000,0.3211000000000013
29-08-2022,15.63890,-0.15259999999999962
26-08-2022,15.79150,0.028399999999999537
25-08-2022,15.76310,-0.018499999999999517
24-08-2022,15.78160,0.053999999999998494
23-08-2022,15.72760,0.09090000000000131
22-08-2022,15.63670,-0.2550000000000008
19-08-2022,15.89170,-0.16779999999999973
18-08-2022,16.05950,0.038000000000000256
17-08-2022,16.02150,0.11599999999999966
16-08-2022,15.90550,0.21690000000000076
12-08-2022,15.68860,0.009199999999999875
11-08-2022,15.67940,0.1631999999999998
10-08-2022,15.51620,-0.009800000000000253
08-08-2022,15.52600,0.046499999999999986
05-08-2022,15.47950,0.020199999999999108
04-08-2022,15.45930,0.0010000000000012221
03-08-2022,15.45830,0.036599999999999966
02-08-2022,15.42170,-0.003400000000000958
01-08-2022,15.42510,0.1443000000000012
29-07-2022,15.28080,0.17959999999999887
28-07-2022,15.10120,0.1958000000000002
27-07-2022,14.90540,0.06280000000000108
26-07-2022,14.84260,-0.15360000000000085
25-07-2022,14.99620,-0.07699999999999996
22-07-2022,15.07320,0.06359999999999921
21-07-2022,15.00960,0.08990000000000009
20-07-2022,14.91970,0.125
19-07-2022,14.79470,0.07820000000000071
18-07-2022,14.71650,0.20560000000000045
15-07-2022,14.51090,0.048599999999998644
14-07-2022,14.46230,-0.06729999999999947
13-07-2022,14.52960,-0.07349999999999923
12-07-2022,14.60310,-0.12809999999999988
11-07-2022,14.73120,0.034399999999999764
08-07-2022,14.69680,0.06429999999999936
07-07-2022,14.63250,0.12650000000000006
06-07-2022,14.50600,0.17079999999999984
05-07-2022,14.33520,-0.0033999999999991815
04-07-2022,14.33860,0.10999999999999943
01-07-2022,14.22860,0.018200000000000216
30-06-2022,14.21040,0.005000000000000782
29-06-2022,14.20540,-0.07940000000000147
28-06-2022,14.28480,-0.0035999999999987153
27-06-2022,14.28840,0.11139999999999972
24-06-2022,14.17700,0.1294000000000004
23-06-2022,14.04760,0.12539999999999907
22-06-2022,13.92220,-0.15249999999999986
21-06-2022,14.07470,0.2597000000000005
20-06-2022,13.81500,-0.01010000000000133
17-06-2022,13.82510,-0.09409999999999918
16-06-2022,13.91920,-0.25120000000000076
15-06-2022,14.17040,0.023300000000000765
14-06-2022,14.14710,-0.08779999999999966
13-06-2022,14.23490,-0.35360000000000014
10-06-2022,14.58850,-0.18069999999999986
09-06-2022,14.76920,0.09859999999999935
08-06-2022,14.67060,-0.053300000000000125
07-06-2022,14.72390,-0.14809999999999945
06-06-2022,14.87200,-0.021300000000000097
03-06-2022,14.89330,-0.09800000000000075
02-06-2022,14.99130,0.07830000000000048
01-06-2022,14.91300,0.03170000000000073
31-05-2022,14.88130,0.006199999999999761
30-05-2022,14.87510,0.3717000000000006
27-05-2022,14.50340,0.15899999999999892
26-05-2022,14.34440,0.12729999999999997
25-05-2022,14.21710,-0.1463000000000001
24-05-2022,14.36340,-0.0840999999999994
23-05-2022,14.44750,-0.04139999999999944
20-05-2022,14.48890,0.2767999999999997
19-05-2022,14.21210,-0.3432000000000013
18-05-2022,14.55530,-0.039199999999999235
17-05-2022,14.59450,0.3127999999999993
16-05-2022,14.28170,0.08940000000000126
13-05-2022,14.19230,0.026199999999999335
12-05-2022,14.16610,-0.21679999999999922
11-05-2022,14.38290,-0.08660000000000068
10-05-2022,14.46950,-0.16990000000000016
09-05-2022,14.63940,-0.11019999999999897
06-05-2022,14.74960,-0.24400000000000155
05-05-2022,14.99360,0.03700000000000081
04-05-2022,14.95660,-0.3680000000000003
02-05-2022,15.32460,-0.09329999999999927
29-04-2022,15.41790,-0.13540000000000063
28-04-2022,15.55330,0.14470000000000027
27-04-2022,15.40860,-0.12899999999999956
26-04-2022,15.53760,0.18740000000000023
25-04-2022,15.35020,-0.2002000000000006
22-04-2022,15.55040,-0.16140000000000043
21-04-2022,15.71180,0.23859999999999992
20-04-2022,15.47320,0.11490000000000045
19-04-2022,15.35830,-0.17880000000000074
18-04-2022,15.53710,-0.24269999999999925
13-04-2022,15.77980,-0.02490000000000059
12-04-2022,15.80470,-0.14289999999999914
11-04-2022,15.94760,0.007199999999999207
08-04-2022,15.94040,0.1499000000000006
07-04-2022,15.79050,-0.10400000000000098
06-04-2022,15.89450,-0.08669999999999867
05-04-2022,15.98120,0.06439999999999912
04-04-2022,15.91680,0.21509999999999962
01-04-2022,15.70170,0.17410000000000103
31-03-2022,15.52760,-0.03599999999999959
30-03-2022,15.56360,0.17469999999999963
29-03-2022,15.38890,0.07319999999999993
28-03-2022,15.31570,-0.029500000000000526
25-03-2022,15.34520,-0.06840000000000046
24-03-2022,15.41360,-0.05509999999999948
23-03-2022,15.46870,-0.040300000000000225
22-03-2022,15.50900,0.14419999999999966
21-03-2022,15.36480,-0.13030000000000008
17-03-2022,15.49510,0.21960000000000157
16-03-2022,15.27550,0.24239999999999995
15-03-2022,15.03310,-0.10190000000000055
14-03-2022,15.13500,0.16949999999999932
11-03-2022,14.96550,0.051400000000001
10-03-2022,14.91410,0.2051999999999996
09-03-2022,14.70890,0.2375000000000007
08-03-2022,14.47140,0.1866999999999983
07-03-2022,14.28470,-0.29959999999999987
04-03-2022,14.58430,-0.22269999999999968
03-03-2022,14.80700,-0.09339999999999904
02-03-2022,14.90040,-0.13349999999999973
28-02-2022,15.03390,0.1424999999999983
25-02-2022,14.89140,0.3800000000000008
24-02-2022,14.51140,-0.6677
23-02-2022,15.17910,0.0257000000000005
22-02-2022,15.15340,-0.08060000000000045
21-02-2022,15.23400,-0.07779999999999987
18-02-2022,15.31180,-0.09830000000000005
17-02-2022,15.41010,-0.04160000000000075
16-02-2022,15.45170,-0.06400000000000006
15-02-2022,15.51570,0.32319999999999993
14-02-2022,15.19250,-0.42249999999999943
11-02-2022,15.61500,-0.2541999999999991
10-02-2022,15.86920,0.0522999999999989
09-02-2022,15.81690,0.15779999999999994
08-02-2022,15.65910,-0.03950000000000031
07-02-2022,15.69860,-0.24179999999999957
04-02-2022,15.94040,-0.09909999999999997
03-02-2022,16.03950,-0.12429999999999808
02-02-2022,16.16380,0.15879999999999939
01-02-2022,16.00500,0.17969999999999864
31-01-2022,15.82530,0.2272999999999996
28-01-2022,15.59800,0.039100000000001245
27-01-2022,15.55890,-0.2347999999999999
25-01-2022,15.79370,0.11399999999999899
24-01-2022,15.67970,-0.5092999999999996
21-01-2022,16.18900,-0.2406000000000006
20-01-2022,16.42960,-0.10020000000000095
19-01-2022,16.52980,-0.12919999999999732
18-01-2022,16.65900,-0.2123000000000026
17-01-2022,16.87130,-0.007199999999997431
14-01-2022,16.87850,0.030799999999999272
13-01-2022,16.84770,0.007400000000000517
12-01-2022,16.84030,0.07779999999999987
11-01-2022,16.76250,0.019400000000000972
10-01-2022,16.74310,0.14589999999999748
07-01-2022,16.59720,0.10670000000000002
06-01-2022,16.49050,-0.1319999999999979
05-01-2022,16.62250,0.0365000000000002
04-01-2022,16.58600,0.0823999999999998
03-01-2022,16.50360,0.23989999999999867
31-12-2021,16.26370,0.14089999999999847
30-12-2021,16.12280,-0.0009999999999976694
29-12-2021,16.12380,0.0030999999999998806
28-12-2021,16.12070,0.1623000000000001
27-12-2021,15.95840,0.08819999999999872
24-12-2021,15.87020,-0.04079999999999906
23-12-2021,15.91100,0.11609999999999943
22-12-2021,15.79490,0.16939999999999955
21-12-2021,15.62550,0.19000000000000128
20-12-2021,15.43550,-0.4350000000000005
17-12-2021,15.87050,-0.2607999999999997
16-12-2021,16.13130,-0.0017999999999993577
15-12-2021,16.13310,-0.08960000000000079
14-12-2021,16.22270,-0.024200000000000443
13-12-2021,16.24690,-0.007200000000000983
10-12-2021,16.25410,-0.0033999999999991815
09-12-2021,16.25750,-0.02319999999999922
08-12-2021,16.28070,0.2539999999999978
07-12-2021,16.02670,0.22000000000000242
06-12-2021,15.80670,-0.27449999999999974
03-12-2021,16.08120,-0.09710000000000107
02-12-2021,16.17830,0.15439999999999898
01-12-2021,16.02390,0.10240000000000116
30-11-2021,15.92150,0.10570000000000057
29-11-2021,15.81580,-0.07380000000000031
26-11-2021,15.88960,-0.48930000000000184
25-11-2021,16.37890,0.1238000000000028
24-11-2021,16.25510,-0.012299999999999756
23-11-2021,16.26740,0.1142000000000003
22-11-2021,16.15320,-0.38580000000000325
18-11-2021,16.53900,-0.16989999999999839
17-11-2021,16.70890,-0.08589999999999876
16-11-2021,16.79480,-0.07840000000000202
15-11-2021,16.87320,0.021599999999999397
12-11-2021,16.85160,0.17590000000000217
11-11-2021,16.67570,-0.0627999999999993
10-11-2021,16.73850,-0.018000000000000682
09-11-2021,16.75650,0.03569999999999851
08-11-2021,16.72080,0.2788000000000004
03-11-2021,16.44200,-0.057800000000000296
02-11-2021,16.49980,0.05010000000000048
01-11-2021,16.44970,0.25
29-10-2021,16.19970,-0.11019999999999897
28-10-2021,16.30990,-0.2704000000000022
27-10-2021,16.58030,0.008500000000001506
26-10-2021,16.57180,0.17409999999999926
25-10-2021,16.39770,0.002500000000001279
22-10-2021,16.39520,-0.09090000000000131
21-10-2021,16.48610,-0.16839999999999833
20-10-2021,16.65450,-0.24760000000000204
19-10-2021,16.90210,-0.12049999999999983
18-10-2021,17.02260,0.10210000000000008
14-10-2021,16.92050,0.16600000000000037
13-10-2021,16.75450,0.12190000000000012
12-10-2021,16.63260,0.026900000000001256
11-10-2021,16.60570,-0.005100000000002325
08-10-2021,16.61080,0.13620000000000232
07-10-2021,16.47460,0.21289999999999765
06-10-2021,16.26170,-0.15899999999999892
05-10-2021,16.42070,0.05999999999999872
04-10-2021,16.36070,0.18040000000000234
01-10-2021,16.18030,0.0036999999999984823
30-09-2021,16.17660,-0.04329999999999856
29-09-2021,16.21990,-0.03240000000000265
28-09-2021,16.25230,-0.14709999999999823
27-09-2021,16.39940,0.021999999999998465
24-09-2021,16.37740,-0.04079999999999728
23-09-2021,16.41820,0.19129999999999825
22-09-2021,16.22690,0.03420000000000201
21-09-2021,16.19270,0.058799999999997965
20-09-2021,16.13390,-0.18019999999999925
17-09-2021,16.31410,-0.052199999999999136
16-09-2021,16.36630,0.12269999999999825
15-09-2021,16.24360,0.1205999999999996
14-09-2021,16.12300,0.03550000000000253
13-09-2021,16.08750,0.015399999999999636
09-09-2021,16.07210,0.017099999999999227
08-09-2021,16.05500,0.06709999999999994
07-09-2021,15.98790,-0.012199999999999989
06-09-2021,16.00010,0.035800000000000054
03-09-2021,15.96430,0.0945999999999998
02-09-2021,15.86970,0.19059999999999988
01-09-2021,15.67910,-0.006600000000000605
31-08-2021,15.68570,0.1725000000000012
30-08-2021,15.51320,0.2115999999999989
27-08-2021,15.30160,0.07880000000000109
26-08-2021,15.22280,0.0671999999999997
25-08-2021,15.15560,0.04969999999999963
24-08-2021,15.10590,0.08179999999999943
23-08-2021,15.02410,-0.045999999999999375
20-08-2021,15.07010,-0.17830000000000013
18-08-2021,15.24840,0.0015000000000000568
17-08-2021,15.24690,0.07319999999999993
16-08-2021,15.17370,-0.05320000000000036
13-08-2021,15.22690,0.09420000000000073
12-08-2021,15.13270,0.18009999999999948
11-08-2021,14.95260,-0.03359999999999985
10-08-2021,14.98620,-0.04139999999999944
09-08-2021,15.02760,0.0019999999999988916
06-08-2021,15.02560,-0.049599999999999866
05-08-2021,15.07520,-0.01249999999999929
04-08-2021,15.08770,0.026299999999999102
03-08-2021,15.06140,0.15030000000000143
02-08-2021,14.91110,0.12159999999999904
30-07-2021,14.78950,-0.010899999999999466
29-07-2021,14.80040,0.05860000000000021
28-07-2021,14.74180,-0.0235000000000003
27-07-2021,14.76530,-0.0799000000000003
26-07-2021,14.84520,0.060600000000000875
23-07-2021,14.78460,0.12829999999999941
22-07-2021,14.65630,0.1181000000000001
20-07-2021,14.53820,-0.09389999999999965
19-07-2021,14.63210,-0.13030000000000008
16-07-2021,14.76240,-0.02480000000000082
15-07-2021,14.78720,0.07460000000000022
14-07-2021,14.71260,0.07000000000000028
13-07-2021,14.64260,0.0683000000000007
12-07-2021,14.57430,0.045999999999999375
09-07-2021,14.52830,-0.047100000000000364
08-07-2021,14.57540,-0.07310000000000016
07-07-2021,14.64850,0.02740000000000009
06-07-2021,14.62110,0.034000000000000696
05-07-2021,14.58710,0.07789999999999964
02-07-2021,14.50920,0.04870000000000019
01-07-2021,14.46050,0.020400000000000418
30-06-2021,14.44010,-0.039699999999999847
29-06-2021,14.47980,-0.03300000000000125
28-06-2021,14.51280,-0.04190000000000005
25-06-2021,14.55470,0.0597000000000012
24-06-2021,14.49500,0.07069999999999865
23-06-2021,14.42430,-0.05389999999999873
22-06-2021,14.47820,0.0036999999999984823
21-06-2021,14.47450,0.050200000000000244
18-06-2021,14.42430,-0.033799999999999386
17-06-2021,14.45810,-0.045700000000000074
16-06-2021,14.50380,-0.06070000000000064
15-06-2021,14.56450,0.08050000000000068
14-06-2021,14.48400,-0.02800000000000047
11-06-2021,14.51200,0.06189999999999962
10-06-2021,14.45010,0.12700000000000067
09-06-2021,14.32310,-0.05269999999999975
08-06-2021,14.37580,0.004899999999999238
07-06-2021,14.37090,0.08919999999999995
04-06-2021,14.28170,-0.04299999999999926
03-06-2021,14.32470,0.11480000000000068
02-06-2021,14.20990,0.06269999999999953
01-06-2021,14.14720,-0.027499999999999858
31-05-2021,14.17470,0.14780000000000015
28-05-2021,14.02690,0.027999999999998693
27-05-2021,13.99890,0.07220000000000049
26-05-2021,13.92670,0.03960000000000008
25-05-2021,13.88710,-0.027200000000000557
24-05-2021,13.91430,0.10320000000000107
21-05-2021,13.81110,0.20679999999999943
20-05-2021,13.60430,-0.07959999999999923
19-05-2021,13.68390,-0.009500000000000952
18-05-2021,13.69340,0.17319999999999958
17-05-2021,13.52020,0.20220000000000127
14-05-2021,13.31800,-0.015900000000000247
12-05-2021,13.33390,-0.1012000000000004
11-05-2021,13.43510,0.022700000000000387
10-05-2021,13.41240,0.0495000000000001
07-05-2021,13.36290,-0.04560000000000031
06-05-2021,13.40850,0.04499999999999993
05-05-2021,13.36350,0.13729999999999976
04-05-2021,13.22620,-0.13790000000000013
03-05-2021,13.36410,-0.02430000000000021
30-04-2021,13.38840,-0.18469999999999942
29-04-2021,13.57310,0.0065000000000008384
28-04-2021,13.56660,0.16269999999999918
27-04-2021,13.40390,0.13240000000000052
26-04-2021,13.27150,0.1404999999999994
23-04-2021,13.13100,-0.02239999999999931
22-04-2021,13.15340,0.06409999999999982
20-04-2021,13.08930,0.008599999999999497
19-04-2021,13.08070,-0.1686999999999994
16-04-2021,13.24940,0.10660000000000025
15-04-2021,13.14280,0.038399999999999324
13-04-2021,13.10440,0.09849999999999959
12-04-2021,13.00590,-0.48160000000000025
09-04-2021,13.48750,-0.028900000000000148
08-04-2021,13.51640,0.05790000000000006
07-04-2021,13.45850,0.1485000000000003
06-04-2021,13.31000,0.008000000000000895
05-04-2021,13.30200,-0.22990000000000066
01-04-2021,13.53190,0.09009999999999962
31-03-2021,13.44180,-0.04709999999999859
30-03-2021,13.48890,0.2710999999999988
26-03-2021,13.21780,0.1479999999999997
25-03-2021,13.06980,-0.19729999999999848
24-03-2021,13.26710,-0.21230000000000082
23-03-2021,13.47940,0.09299999999999997
22-03-2021,13.38640,-0.011100000000000776
19-03-2021,13.39750,0.1761000000000017
18-03-2021,13.22140,-0.16960000000000086
17-03-2021,13.39100,-0.17019999999999946
16-03-2021,13.56120,0.012900000000000134
15-03-2021,13.54830,-0.06900000000000084
12-03-2021,13.61730,-0.09750000000000014
10-03-2021,13.71480,0.0367999999999995
09-03-2021,13.67800,0.09100000000000108
08-03-2021,13.58700,0.030300000000000438
05-03-2021,13.55670,-0.15710000000000157
04-03-2021,13.71380,-0.07199999999999918
03-03-2021,13.78580,0.22059999999999924
02-03-2021,13.56520,0.14780000000000015
01-03-2021,13.41740,0.19840000000000124
26-02-2021,13.21900,-0.3645000000000014
25-02-2021,13.58350,0.12460000000000093
24-02-2021,13.45890,0.18319999999999936
23-02-2021,13.27570,0.06920000000000037
22-02-2021,13.20650,-0.25210000000000043
19-02-2021,13.45860,-0.14389999999999858
18-02-2021,13.60250,-0.022400000000001086
17-02-2021,13.62490,-0.039400000000000546
16-02-2021,13.66430,-0.05819999999999936
15-02-2021,13.72250,0.1095000000000006
12-02-2021,13.61300,-0.05850000000000044
11-02-2021,13.67150,0.06080000000000041
10-02-2021,13.61070,0.020400000000000418
09-02-2021,13.59030,0.03139999999999965
08-02-2021,13.55890,0.14969999999999928
05-02-2021,13.40920,-0.015100000000000335
04-02-2021,13.42430,0.12060000000000137
03-02-2021,13.30370,0.11949999999999861
02-02-2021,13.18420,0.24430000000000085
01-02-2021,12.93990,0.43650000000000055
29-01-2021,12.50340,-0.16680000000000028
28-01-2021,12.67020,-0.12570000000000014
27-01-2021,12.79590,-0.24070000000000036
25-01-2021,13.03660,-0.14029999999999987
22-01-2021,13.17690,-0.1468000000000007
21-01-2021,13.32370,-0.0367999999999995
20-01-2021,13.36050,0.08089999999999975
19-01-2021,13.27960,0.14760000000000062
18-01-2021,13.13200,-0.09609999999999985
15-01-2021,13.22810,-0.1612000000000009
14-01-2021,13.38930,0.013799999999999812
13-01-2021,13.37550,-0.04309999999999903
12-01-2021,13.41860,0.027899999999998926
11-01-2021,13.39070,0.10450000000000159
08-01-2021,13.28620,0.16659999999999897
07-01-2021,13.11960,-0.0051000000000005485
06-01-2021,13.12470,-0.035800000000000054
05-01-2021,13.16050,0.1266000000000016
04-01-2021,13.03390,0.11689999999999934
01-01-2021,12.91700,0.067499999999999
31-12-2020,12.84950,0.011600000000001387
30-12-2020,12.83790,0.03829999999999956
29-12-2020,12.79960,-0.0039999999999995595
28-12-2020,12.80360,0.11899999999999977
24-12-2020,12.68460,0.1349999999999998
23-12-2020,12.54960,0.16109999999999935
22-12-2020,12.38850,0.13230000000000075
21-12-2020,12.25620,-0.38320000000000043
18-12-2020,12.63940,0.023300000000000765
17-12-2020,12.61610,0.022999999999999687
16-12-2020,12.59310,0.09169999999999945
15-12-2020,12.50140,-0.03819999999999979
14-12-2020,12.53960,0.0367999999999995
11-12-2020,12.50280,0.035400000000000986
10-12-2020,12.46740,0.0012999999999987466
09-12-2020,12.46610,0.06820000000000093
08-12-2020,12.39790,0.033200000000000784
07-12-2020,12.36470,0.11119999999999841
04-12-2020,12.25350,0.09160000000000146
03-12-2020,12.16190,0.0519999999999996
02-12-2020,12.10990,0.019399999999999196
01-12-2020,12.09050,0.06990000000000052
27-11-2020,12.02060,0.0671999999999997
26-11-2020,11.95340,0.0931999999999995
25-11-2020,11.86020,-0.1960999999999995
24-11-2020,12.05630,0.08939999999999948
23-11-2020,11.96690,0.08850000000000158
20-11-2020,11.87840,0.10989999999999966
19-11-2020,11.76850,-0.09730000000000061
18-11-2020,11.86580,0.013999999999999346
17-11-2020,11.85180,0.0907
13-11-2020,11.76110,0.08650000000000091
12-11-2020,11.67460,0.0035000000000007248
11-11-2020,11.67110,0.05559999999999832
10-11-2020,11.61550,-0.05679999999999907
09-11-2020,11.67230,0.13700000000000045
06-11-2020,11.53530,0.07339999999999947
05-11-2020,11.46190,0.16750000000000043
04-11-2020,11.29440,0.09210000000000029
03-11-2020,11.20230,0.08119999999999905
02-11-2020,11.12110,-0.024699999999999278
30-10-2020,11.14580,-0.04770000000000074
29-10-2020,11.19350,-0.022499999999999076
28-10-2020,11.21600,-0.11800000000000033
27-10-2020,11.33400,0.11260000000000048
26-10-2020,11.22140,-0.1548000000000016
23-10-2020,11.37620,0.05540000000000056
22-10-2020,11.32080,-0.04499999999999993
21-10-2020,11.36580,0.0015999999999998238
20-10-2020,11.36420,0.045099999999999696
19-10-2020,11.31910,0.047900000000000276
16-10-2020,11.27120,0.06109999999999971
15-10-2020,11.21010,-0.23349999999999937
14-10-2020,11.44360,0.04279999999999973
13-10-2020,11.40080,0.02059999999999995
12-10-2020,11.38020,-0.009100000000000108
09-10-2020,11.38930,0.02829999999999977
08-10-2020,11.36100,0.06040000000000134
07-10-2020,11.30060,0.06079999999999863
06-10-2020,11.23980,0.05120000000000147
05-10-2020,11.18860,0.045099999999999696
01-10-2020,11.14350,0.06449999999999889
30-09-2020,11.07900,0.01980000000000004
29-09-2020,11.05920,-0.024899999999998812
28-09-2020,11.08410,0.1647999999999996
25-09-2020,10.91930,0.22439999999999927
24-09-2020,10.69490,-0.21110000000000007
23-09-2020,10.90600,-0.0019999999999988916
22-09-2020,10.90800,-0.07530000000000037
21-09-2020,10.98330,-0.2828999999999997
18-09-2020,11.26620,0.03059999999999974
17-09-2020,11.23560,-0.04410000000000025
16-09-2020,11.27970,0.09340000000000082
15-09-2020,11.18630,0.09279999999999866
14-09-2020,11.09350,0.11790000000000056
11-09-2020,10.97560,0.009600000000000719
10-09-2020,10.96600,0.13289999999999935
09-09-2020,10.83310,-0.04490000000000016
08-09-2020,10.87800,0.010400000000000631
07-09-2020,10.86760,0.03880000000000017
04-09-2020,10.82880,-0.16089999999999982
03-09-2020,10.98970,0.007599999999998275
02-09-2020,10.98210,0.14660000000000117
01-09-2020,10.83550,0.10670000000000002
31-08-2020,10.72880,-0.30400000000000027
28-08-2020,11.03280,0.02149999999999963
27-08-2020,11.01130,-0.012000000000000455
26-08-2020,11.02330,0.04200000000000159
25-08-2020,10.98130,0.004099999999999326
24-08-2020,10.97720,0.12100000000000044
21-08-2020,10.85620,0.0367999999999995
20-08-2020,10.81940,-0.06140000000000079
19-08-2020,10.88080,0.020200000000000884
18-08-2020,10.86060,0.11619999999999919
17-08-2020,10.74440,0.014499999999999957
14-08-2020,10.72990,-0.11189999999999856
13-08-2020,10.84180,0.039199999999999235
12-08-2020,10.80260,-0.03389999999999915
11-08-2020,10.83650,-0.01720000000000077
10-08-2020,10.85370,0.10829999999999984
07-08-2020,10.74540,0.04669999999999952
06-08-2020,10.69870,0.08410000000000117
05-08-2020,10.61460,0.015799999999998704
04-08-2020,10.59880,0.15610000000000035
03-08-2020,10.44270,-0.0389999999999997
31-07-2020,10.48170,0.019099999999999895
30-07-2020,10.46260,-0.012000000000000455
29-07-2020,10.47460,-0.038000000000000256
28-07-2020,10.51260,0.03880000000000017
27-07-2020,10.47380,-0.09439999999999849
24-07-2020,10.56820,-0.016000000000000014
23-07-2020,10.58420,0.1318999999999999
22-07-2020,10.45230,-0.03450000000000131
21-07-2020,10.48680,0.07099999999999973
20-07-2020,10.41580,0.09470000000000134
17-07-2020,10.32110,0.15939999999999976
16-07-2020,10.16170,0.048799999999999955
15-07-2020,10.11290,-0.06920000000000037
14-07-2020,10.18210,-0.08140000000000036
13-07-2020,10.26350,0.02940000000000076
10-07-2020,10.23410,-0.014499999999999957
09-07-2020,10.24860,0.05710000000000015
08-07-2020,10.19150,-0.043900000000000716
07-07-2020,10.23540,0.0009999999999994458
06-07-2020,10.23440,0.10040000000000049
03-07-2020,10.13400,0.0644000000000009
02-07-2020,10.06960,0.07789999999999964
01-07-2020,9.99170,0.028100000000000236
30-06-2020,9.96360,0.019999999999999574
29-06-2020,9.94360,-0.05819999999999936
26-06-2020,10.00180,0.04129999999999967
25-06-2020,9.96050,0.03249999999999886
24-06-2020,9.92800,-0.1625999999999994
23-06-2020,10.09060,0.11730000000000018
22-06-2020,9.97330,0.08360000000000056
19-06-2020,9.88970,0.12769999999999904
18-06-2020,9.76200,0.1222000000000012
17-06-2020,9.63980,-0.01950000000000074
16-06-2020,9.65930,0.06850000000000023
15-06-2020,9.59080,-0.10800000000000054
12-06-2020,9.69880,0.07569999999999943
11-06-2020,9.62310,-0.16169999999999973
10-06-2020,9.78480,0.032300000000001106
09-06-2020,9.75250,-0.08950000000000102
08-06-2020,9.84200,-0.01559999999999917
05-06-2020,9.85760,0.08910000000000018
04-06-2020,9.76850,0.0010999999999992127
03-06-2020,9.76740,0.07639999999999958
02-06-2020,9.69100,0.07460000000000022
01-06-2020,9.61640,0.17580000000000062
29-05-2020,9.44060,0.10260000000000069
28-05-2020,9.33800,0.13929999999999865
27-05-2020,9.19870,0.13610000000000078
26-05-2020,9.06260,0.06589999999999918
22-05-2020,8.99670,-0.0686
21-05-2020,9.06530,0.05090000000000039
20-05-2020,9.01440,0.1438000000000006
19-05-2020,8.87060,0.07439999999999891
18-05-2020,8.79620,-0.3290999999999986
15-05-2020,9.12530,-0.005500000000001393
14-05-2020,9.13080,-0.1465999999999994
13-05-2020,9.27740,0.13840000000000074
12-05-2020,9.13900,-0.07390000000000008
11-05-2020,9.21290,-0.04600000000000115
08-05-2020,9.25890,0.06650000000000134
07-05-2020,9.19240,-0.051000000000000156
06-05-2020,9.24340,0.12939999999999863
05-05-2020,9.11400,-0.13379999999999903
04-05-2020,9.24780,-0.3979999999999997
30-04-2020,9.64580,0.18409999999999904
29-04-2020,9.46170,0.10480000000000089
28-04-2020,9.35690,0.05459999999999887
27-04-2020,9.30230,0.16280000000000072
24-04-2020,9.13950,-0.1357999999999997
23-04-2020,9.27530,0.06449999999999889
22-04-2020,9.21080,0.13260000000000005
21-04-2020,9.07820,-0.20899999999999963
20-04-2020,9.28720,0.0036000000000004917
17-04-2020,9.28360,0.21850000000000058
16-04-2020,9.06510,0.0923999999999996
15-04-2020,8.97270,-0.03420000000000023
13-04-2020,9.00690,-0.07810000000000095
09-04-2020,9.08500,0.3047000000000004
08-04-2020,8.78030,-0.04019999999999868
07-04-2020,8.82050,0.6174999999999997
03-04-2020,8.20300,-0.17320000000000135
01-04-2020,8.37620,-0.23959999999999937
31-03-2020,8.61580,0.3089999999999993
30-03-2020,8.30680,-0.21439999999999948
27-03-2020,8.52120,-0.03880000000000017
26-03-2020,8.56000,0.3257000000000012
25-03-2020,8.23430,0.4595999999999991
24-03-2020,7.77470,0.1532
23-03-2020,7.62150,-1.0409999999999995
20-03-2020,8.66250,0.3492999999999995
19-03-2020,8.31320,-0.17130000000000045
18-03-2020,8.48450,-0.488999999999999
17-03-2020,8.97350,-0.20340000000000025
16-03-2020,9.17690,-0.5785999999999998
13-03-2020,9.75550,0.26590000000000025
12-03-2020,9.48960,-0.6882000000000001
11-03-2020,10.17780,-0.02970000000000006
09-03-2020,10.20750,-0.4067000000000007
06-03-2020,10.61420,-0.18219999999999992
05-03-2020,10.79640,0.0411999999999999
04-03-2020,10.75520,-0.054700000000000415
03-03-2020,10.80990,0.15200000000000102
02-03-2020,10.65790,-0.0945999999999998
28-02-2020,10.75250,-0.28220000000000134
27-02-2020,11.03470,-0.03229999999999933
26-02-2020,11.06700,-0.10899999999999999
25-02-2020,11.17600,-0.05119999999999969
24-02-2020,11.22720,-0.20480000000000054
20-02-2020,11.43200,-0.03149999999999942
19-02-2020,11.46350,0.14250000000000007
18-02-2020,11.32100,-0.03780000000000072
17-02-2020,11.35880,-0.05940000000000012
14-02-2020,11.41820,-0.06539999999999857
13-02-2020,11.48360,0.007899999999999352
12-02-2020,11.47570,0.07569999999999943
11-02-2020,11.40000,0.0024999999999995026
10-02-2020,11.39750,-0.030099999999999127
07-02-2020,11.42760,0.01750000000000007
06-02-2020,11.41010,0.017799999999999372
05-02-2020,11.39230,0.10230000000000139
04-02-2020,11.29000,0.19059999999999988
03-02-2020,11.09940,-0.24560000000000137
31-01-2020,11.34500,-0.012599999999999056
30-01-2020,11.35760,-0.047900000000000276
29-01-2020,11.40550,0.0343
28-01-2020,11.37120,-0.02490000000000059
27-01-2020,11.39610,-0.07000000000000028
24-01-2020,11.46610,0.07130000000000081
23-01-2020,11.39480,0.09190000000000076
22-01-2020,11.30290,-0.015700000000000713
21-01-2020,11.31860,-0.0387000000000004
20-01-2020,11.35730,-0.08290000000000042
17-01-2020,11.44020,0.021100000000000563
16-01-2020,11.41910,0.03979999999999961
15-01-2020,11.37930,-0.00569999999999915
14-01-2020,11.38500,0.037499999999999645
13-01-2020,11.34750,0.023899999999999366
10-01-2020,11.32360,0.025600000000000733
09-01-2020,11.29800,0.18459999999999965
08-01-2020,11.11340,-0.014099999999999113
07-01-2020,11.12750,0.08499999999999908
06-01-2020,11.04250,-0.2041000000000004
03-01-2020,11.24660,-0.0652999999999988
02-01-2020,11.31190,0.07559999999999967
01-01-2020,11.23630,-0.004300000000000637
31-12-2019,11.24060,-0.05829999999999913
30-12-2019,11.29890,0.015699999999998937
27-12-2019,11.28320,0.08230000000000004
26-12-2019,11.20090,-0.06819999999999915
24-12-2019,11.26910,-0.025800000000000267
23-12-2019,11.29490,-0.008900000000000574
20-12-2019,11.30380,0.003900000000001569
19-12-2019,11.29990,0.03249999999999886
18-12-2019,11.26740,0.01440000000000019
17-12-2019,11.25300,0.04470000000000063
16-12-2019,11.20830,-0.036800000000001276
13-12-2019,11.24510,0.0810000000000013
12-12-2019,11.16410,0.07949999999999946
11-12-2019,11.08460,0.03550000000000075
10-12-2019,11.04910,-0.06610000000000049
09-12-2019,11.11520,-0.012000000000000455
06-12-2019,11.12720,-0.06589999999999918
05-12-2019,11.19310,-0.023800000000001376
04-12-2019,11.21690,0.02200000000000024
03-12-2019,11.19490,-0.030400000000000205
02-12-2019,11.22530,-0.004499999999998394
29-11-2019,11.22980,-0.03970000000000162
28-11-2019,11.26950,0.0276000000000014
27-11-2019,11.24190,0.0034999999999989484
26-11-2019,11.23840,0.011400000000000077
25-11-2019,11.22700,0.1227999999999998
22-11-2019,11.10420,-0.06909999999999883
21-11-2019,11.17330,-0.012100000000000222
20-11-2019,11.18540,0.024699999999999278
19-11-2019,11.16070,0.014300000000000423
18-11-2019,11.14640,-0.035199999999999676
15-11-2019,11.18160,0.005399999999999849
14-11-2019,11.17620,0.0365000000000002
13-11-2019,11.13970,-0.07210000000000072
11-11-2019,11.21180,0.038600000000000634
08-11-2019,11.17320,-0.048500000000000654
07-11-2019,11.22170,0.03989999999999938
06-11-2019,11.18180,0.013400000000000745
05-11-2019,11.16840,-0.0517000000000003
04-11-2019,11.22010,0.002000000000000668
01-11-2019,11.21810,-0.010300000000000864
31-10-2019,11.22840,-0.015499999999999403
30-10-2019,11.24390,0.035199999999999676
29-10-2019,11.20870,0.1772000000000009
25-10-2019,11.03150,0.00019999999999953388
24-10-2019,11.03130,-0.0362000000000009
23-10-2019,11.06750,0.045300000000001006
22-10-2019,11.02220,0.08039999999999914
18-10-2019,10.94180,0.0691000000000006
17-10-2019,10.87270,0.13250000000000028
16-10-2019,10.74020,0.031200000000000117
15-10-2019,10.70900,0.11319999999999908
14-10-2019,10.59580,0.027200000000000557
11-10-2019,10.56860,0.026300000000000878
10-10-2019,10.54230,-0.0832000000000015
09-10-2019,10.62550,0.17680000000000007
07-10-2019,10.44870,-0.06879999999999953
04-10-2019,10.51750,-0.18789999999999907
03-10-2019,10.70540,-0.04440000000000133
01-10-2019,10.74980,-0.06819999999999915
30-09-2019,10.81800,-0.047900000000000276
27-09-2019,10.86590,-0.014599999999999724
26-09-2019,10.88050,0.1338999999999988
25-09-2019,10.74660,-0.10589999999999833
24-09-2019,10.85250,-0.04660000000000153
23-09-2019,10.89910,0.41380000000000017
20-09-2019,10.48530,0.6159999999999997
19-09-2019,9.86930,-0.10509999999999842
18-09-2019,9.97440,0.03319999999999901
17-09-2019,9.94120,-0.13870000000000005
16-09-2019,10.07990,-0.05529999999999902
13-09-2019,10.13520,0.07439999999999891
12-09-2019,10.06080,-0.03389999999999915
11-09-2019,10.09470,0.047100000000000364
09-09-2019,10.04760,0.0754999999999999
06-09-2019,9.97210,0.08639999999999937
05-09-2019,9.88570,-0.01839999999999975
04-09-2019,9.90410,0.01839999999999975
03-09-2019,9.88570,-0.18769999999999953
30-08-2019,10.07340,0.07019999999999982
29-08-2019,10.00320,-0.09180000000000099
28-08-2019,10.09500,-0.06819999999999915
27-08-2019,10.16320,0.09149999999999991
26-08-2019,10.07170,0.2120999999999995
23-08-2019,9.85960,0.028600000000000847
22-08-2019,9.83100,-0.13210000000000122
21-08-2019,9.96310,-0.08599999999999852
20-08-2019,10.04910,-0.040800000000000836
19-08-2019,10.08990,0.012199999999999989
16-08-2019,10.07770,0.032999999999999474
14-08-2019,10.04470,0.08430000000000071
13-08-2019,9.96040,-0.1747999999999994
09-08-2019,10.13520,0.129999999999999
08-08-2019,10.00520,0.11819999999999986
07-08-2019,9.88700,-0.02949999999999875
06-08-2019,9.91650,0.09029999999999916
05-08-2019,9.82620,-0.14150000000000063
02-08-2019,9.96770,-0.006800000000000139
01-08-2019,9.97450,-0.09909999999999997
31-07-2019,10.07360,0.02970000000000006
30-07-2019,10.04390,-0.0710999999999995
29-07-2019,10.11500,-0.07739999999999903
26-07-2019,10.19240,0.09609999999999985
25-07-2019,10.09630,-0.008600000000001273
24-07-2019,10.10490,-0.053599999999999426
23-07-2019,10.15850,0.03759999999999941
22-07-2019,10.12090,-0.08230000000000004
19-07-2019,10.20320,-0.1628999999999987
18-07-2019,10.36610,-0.06120000000000125
17-07-2019,10.42730,-0.00039999999999906777
16-07-2019,10.42770,0.059499999999999886
15-07-2019,10.36820,-0.03149999999999942
12-07-2019,10.39970,-0.01630000000000109
11-07-2019,10.41600,0.05680000000000085
10-07-2019,10.35920,-0.05430000000000135
09-07-2019,10.41350,0.0070000000000014495
08-07-2019,10.40650,-0.23329999999999984
05-07-2019,10.63980,-0.08150000000000013
04-07-2019,10.72130,0.0259999999999998
03-07-2019,10.69530,0.012699999999998823
02-07-2019,10.68260,0.02090000000000103
01-07-2019,10.66170,0.060900000000000176
28-06-2019,10.60080,-0.004900000000001015
27-06-2019,10.60570,0.026699999999999946
26-06-2019,10.57900,0.06980000000000075
25-06-2019,10.50920,0.05719999999999992
24-06-2019,10.45200,-0.01410000000000089
21-06-2019,10.46610,-0.055399999999998784
20-06-2019,10.52150,0.13769999999999882
19-06-2019,10.38380,0.007800000000001361
18-06-2019,10.37600,0.023600000000000065
17-06-2019,10.35240,-0.13060000000000116
14-06-2019,10.48300,-0.08139999999999858
13-06-2019,10.56440,0.028200000000000003
12-06-2019,10.53620,-0.059800000000000963
11-06-2019,10.59600,0.01580000000000048
10-06-2019,10.58020,0.0387000000000004
07-06-2019,10.54150,0.04659999999999975
06-06-2019,10.49490,-0.1468000000000007
04-06-2019,10.64170,-0.01789999999999914
03-06-2019,10.65960,0.10139999999999993
31-05-2019,10.55820,-0.06590000000000096
30-05-2019,10.62410,0.05400000000000027
29-05-2019,10.57010,-0.0693999999999999
28-05-2019,10.63950,-0.009800000000000253
27-05-2019,10.64930,0.08280000000000065
24-05-2019,10.56650,0.20640000000000036
23-05-2019,10.36010,-0.057800000000000296
22-05-2019,10.41790,0.011199999999998766
21-05-2019,10.40670,-0.08829999999999849
20-05-2019,10.49500,0.30909999999999904
17-05-2019,10.18590,0.19170000000000087
16-05-2019,9.99420,0.08000000000000007
15-05-2019,9.91420,-0.04490000000000016
14-05-2019,9.95910,0.04049999999999976
13-05-2019,9.91860,-0.16859999999999964
10-05-2019,10.08720,0.00990000000000002
09-05-2019,10.07730,0.015399999999999636
08-05-2019,10.06190,-0.1318999999999999
07-05-2019,10.19380,-0.10850000000000115
06-05-2019,10.30230,-0.10519999999999996
03-05-2019,10.40750,9.999999999976694e-05
02-05-2019,10.40740,-0.007299999999998974
30-04-2019,10.41470,-0.021800000000000708
26-04-2019,10.43650,0.04129999999999967
25-04-2019,10.39520,-0.041999999999999815
24-04-2019,10.43720,0.06070000000000064
23-04-2019,10.37650,0.021599999999999397
22-04-2019,10.35490,-0.12239999999999895
18-04-2019,10.47730,-0.058699999999999974
16-04-2019,10.53600,0.07850000000000001
15-04-2019,10.45750,0.036599999999999966
12-04-2019,10.42090,0.04989999999999917
11-04-2019,10.37100,0.03979999999999961
10-04-2019,10.33120,-0.04259999999999842
09-04-2019,10.37380,0.0497999999999994
08-04-2019,10.32400,-0.05480000000000018
05-04-2019,10.37880,0.026300000000000878
04-04-2019,10.35250,-0.024100000000000676
03-04-2019,10.37660,-0.04669999999999952
02-04-2019,10.42330,-0.03819999999999979
01-04-2019,10.46150,0.005399999999999849
29-03-2019,10.45610,0.06189999999999962
28-03-2019,10.39420,0.0907
27-03-2019,10.30350,0.000600000000000378
26-03-2019,10.30290,0.09909999999999997
25-03-2019,10.20380,-0.09940000000000104
22-03-2019,10.30320,-0.04699999999999882
20-03-2019,10.35020,-0.03760000000000119
19-03-2019,10.38780,0.05630000000000024
18-03-2019,10.33150,0.04269999999999996
15-03-2019,10.28880,0.051400000000001
14-03-2019,10.23740,-0.03210000000000157
13-03-2019,10.26950,-0.004099999999999326
12-03-2019,10.27360,0.0799000000000003
11-03-2019,10.19370,0.11960000000000015
08-03-2019,10.07410,0.03219999999999956
07-03-2019,10.04190,0.01559999999999917
06-03-2019,10.02630,0.06940000000000168
05-03-2019,9.95690,0.10459999999999958
01-03-2019,9.85230,0.10069999999999979
28-02-2019,9.75160,0.023099999999999454
27-02-2019,9.72850,-0.011400000000000077
26-02-2019,9.73990,-0.026299999999999102
25-02-2019,9.76620,0.035800000000000054
22-02-2019,9.73040,-0.02800000000000047
21-02-2019,9.75840,0.057800000000000296
20-02-2019,9.70060,0.04699999999999882
19-02-2019,9.65360,0.005000000000000782
18-02-2019,9.64860,-0.0475999999999992
15-02-2019,9.69620,-0.02450000000000152
14-02-2019,9.72070,-0.008099999999998886
13-02-2019,9.72880,-0.02880000000000038
12-02-2019,9.75760,-0.03480000000000061
11-02-2019,9.79240,-0.054499999999999105
08-02-2019,9.84690,-0.06680000000000064
07-02-2019,9.91370,0.033200000000000784
06-02-2019,9.88050,0.06479999999999997
05-02-2019,9.81570,-0.017000000000001236
04-02-2019,9.83270,0.002400000000001512
01-02-2019,9.83030,0.0519999999999996
31-01-2019,9.77830,0.08060000000000045
30-01-2019,9.69770,-0.008399999999999963
29-01-2019,9.70610,0.008099999999998886
28-01-2019,9.69800,-0.09309999999999974
25-01-2019,9.79110,-0.13989999999999903
24-01-2019,9.93100,-0.004900000000001015
23-01-2019,9.93590,-0.07830000000000048
22-01-2019,10.01420,-0.039499999999998536
21-01-2019,10.05370,-0.010600000000000165
18-01-2019,10.06430,-0.03080000000000105
17-01-2019,10.09510,0.0003000000000010772
16-01-2019,10.09480,-0.03300000000000125
15-01-2019,10.12780,0.053300000000000125
14-01-2019,10.07450,-0.05710000000000015
11-01-2019,10.13160,0.0
10-01-2019,10.13160,0.00280000000000058
09-01-2019,10.12880,0.04020000000000046
08-01-2019,10.08860,0.013700000000000045
07-01-2019,10.07490,0.015499999999999403
04-01-2019,10.05940,0.030400000000000205
03-01-2019,10.02900,-0.06799999999999962
02-01-2019,10.09700,-0.09450000000000003
01-01-2019,10.19150,0.019899999999999807
31-12-2018,10.17160,0.0127000000000006
28-12-2018,10.15890,0.06289999999999907
27-12-2018,10.09600,0.011400000000000077
26-12-2018,10.08460,0.05710000000000015
24-12-2018,10.02750,-0.07099999999999973
21-12-2018,10.09850,-0.10909999999999975
20-12-2018,10.20760,-0.01410000000000089
19-12-2018,10.22170,0.05109999999999992
18-12-2018,10.17060,0.010099999999999554
17-12-2018,10.16050,0.05510000000000126
14-12-2018,10.10540,0.0039999999999995595
13-12-2018,10.10140,0.04899999999999949
12-12-2018,10.05240,0.10620000000000118
11-12-2018,9.94620,0.05439999999999934
10-12-2018,9.89180,-0.1335999999999995
07-12-2018,10.02540,0.08349999999999902
06-12-2018,9.94190,-0.09740000000000038
05-12-2018,10.03930,-0.04469999999999885
04-12-2018,10.08400,-0.012600000000000833
03-12-2018,10.09660,-0.004999999999999005
30-11-2018,10.10160,0.046499999999999986
29-11-2018,10.05510,0.07789999999999964
28-11-2018,9.97720,0.016899999999999693
27-11-2018,9.96030,0.02200000000000024
26-11-2018,9.93830,0.05850000000000044
22-11-2018,9.87980,-0.018800000000000594
21-11-2018,9.89860,0.0024999999999995026
20-11-2018,9.89610,-0.026499999999998636
19-11-2018,9.92260,0.04079999999999906
16-11-2018,9.88180,0.038600000000000634
15-11-2018,9.84320,0.027099999999999014
14-11-2018,9.81610,0.00280000000000058
13-11-2018,9.81330,0.03309999999999924
12-11-2018,9.78020,-0.0365000000000002
09-11-2018,9.81670,0.03480000000000061
06-11-2018,9.78190,-0.023099999999999454
05-11-2018,9.80500,-0.008900000000000574
02-11-2018,9.81390,0.0649999999999995
01-11-2018,9.74890,0.02430000000000021
31-10-2018,9.72460,0.03390000000000093
30-10-2018,9.69070,-0.02850000000000108
29-10-2018,9.71920,0.03610000000000113
26-10-2018,9.68310,-0.011100000000000776
25-10-2018,9.69420,-0.030199999999998894
24-10-2018,9.72440,0.015499999999999403
23-10-2018,9.70890,-0.009000000000000341
22-10-2018,9.71790,-0.018499999999999517
19-10-2018,9.73640,-0.01130000000000031
17-10-2018,9.74770,-0.04069999999999929
16-10-2018,9.78840,0.03799999999999848
15-10-2018,9.75040,0.029500000000000526
12-10-2018,9.72090,0.09710000000000107
11-10-2018,9.62380,-0.0702000000000016
10-10-2018,9.69400,0.05090000000000039
09-10-2018,9.64310,-0.006800000000000139
08-10-2018,9.64990,-0.009599999999998943
05-10-2018,9.65950,-0.0752000000000006
04-10-2018,9.73470,-0.07210000000000072
03-10-2018,9.80680,-0.02809999999999846
01-10-2018,9.83490,-0.001700000000001367
28-09-2018,9.83660,0.0015999999999998238
27-09-2018,9.83500,-0.03589999999999982
26-09-2018,9.87090,-0.0026999999999990365
25-09-2018,9.87360,0.02519999999999989
24-09-2018,9.84840,-0.05620000000000047
21-09-2018,9.90460,-0.010600000000000165
19-09-2018,9.91520,-0.026799999999999713
18-09-2018,9.94200,-0.01609999999999978
17-09-2018,9.95810,-0.029600000000000293
14-09-2018,9.98770,0.022800000000000153
12-09-2018,9.96490,0.022800000000000153
11-09-2018,9.94210,-0.04840000000000089
10-09-2018,9.99050,
